#Curvas teoricas para data1.dat e T=15000 K
0.0005 4.793800e-01 1.281036e+00 0.000000e+00 1.760416e+00 
0.000552605 4.793800e-01 1.279431e+00 0.000000e+00 1.758811e+00 
0.000610744 4.793800e-01 1.277660e+00 0.000000e+00 1.757040e+00 
0.000675001 4.793800e-01 1.275706e+00 0.000000e+00 1.755086e+00 
0.000746017 4.793800e-01 1.273549e+00 0.000000e+00 1.752929e+00 
0.000824506 4.793800e-01 1.271170e+00 0.000000e+00 1.750550e+00 
0.000911252 4.793800e-01 1.268546e+00 0.000000e+00 1.747926e+00 
0.00100712 4.793800e-01 1.265651e+00 0.000000e+00 1.745031e+00 
0.00111308 4.793800e-01 1.262460e+00 0.000000e+00 1.741840e+00 
0.00123019 4.793800e-01 1.258943e+00 0.000000e+00 1.738323e+00 
0.00135962 4.793800e-01 1.255067e+00 0.000000e+00 1.734447e+00 
0.00150267 4.793800e-01 1.250797e+00 0.000000e+00 1.730177e+00 
0.00166076 4.793800e-01 1.246095e+00 0.000000e+00 1.725475e+00 
0.00183549 4.793800e-01 1.240918e+00 0.000000e+00 1.720298e+00 
0.0020286 4.793800e-01 1.235222e+00 0.000000e+00 1.714602e+00 
0.00224203 4.793800e-01 1.228957e+00 0.000000e+00 1.708337e+00 
0.00247791 4.793800e-01 1.222070e+00 0.000000e+00 1.701450e+00 
0.00273861 4.793800e-01 1.214503e+00 0.000000e+00 1.693883e+00 
0.00302674 4.793800e-01 1.206195e+00 0.000000e+00 1.685575e+00 
0.00334519 4.793800e-01 1.197078e+00 0.000000e+00 1.676458e+00 
0.00369713 4.793800e-01 1.187083e+00 0.000000e+00 1.666463e+00 
0.00408611 4.793800e-01 1.176133e+00 0.000000e+00 1.655513e+00 
0.00451601 4.793800e-01 1.164148e+00 0.000000e+00 1.643528e+00 
0.00499113 4.793800e-01 1.151045e+00 0.000000e+00 1.630425e+00 
0.00551625 4.793800e-01 1.136734e+00 0.000000e+00 1.616114e+00 
0.00609661 4.793800e-01 1.121125e+00 0.000000e+00 1.600505e+00 
0.00673804 4.793800e-01 1.104123e+00 0.000000e+00 1.583503e+00 
0.00744695 4.793800e-01 1.085631e+00 0.000000e+00 1.565011e+00 
0.00823044 4.793800e-01 1.065555e+00 0.000000e+00 1.544935e+00 
0.00909636 4.793800e-01 1.043797e+00 0.000000e+00 1.523177e+00 
0.0100534 4.793800e-01 1.020267e+00 0.000000e+00 1.499647e+00 
0.0111111 4.793800e-01 9.948785e-01 0.000000e+00 1.474258e+00 
0.0122801 4.793800e-01 9.675527e-01 0.000000e+00 1.446933e+00 
0.0135721 4.793800e-01 9.382243e-01 0.000000e+00 1.417604e+00 
0.015 4.793800e-01 9.068433e-01 0.000000e+00 1.386223e+00 
0.0165782 4.793800e-01 8.733804e-01 0.000000e+00 1.352760e+00 
0.0183223 4.793800e-01 8.378314e-01 0.000000e+00 1.317211e+00 
0.02025 4.793800e-01 8.002233e-01 0.000000e+00 1.279603e+00 
0.0223805 4.793800e-01 7.606191e-01 0.000000e+00 1.239999e+00 
0.0247352 4.793800e-01 7.191245e-01 0.000000e+00 1.198504e+00 
0.0273376 4.793800e-01 6.758925e-01 0.000000e+00 1.155273e+00 
0.0302138 4.793800e-01 6.311292e-01 0.000000e+00 1.110509e+00 
0.0333925 4.793800e-01 5.850972e-01 0.000000e+00 1.064477e+00 
0.0369058 4.793800e-01 5.381177e-01 0.000000e+00 1.017498e+00 
0.0407886 4.793800e-01 4.905713e-01 0.000000e+00 9.699513e-01 
0.04508 4.793800e-01 4.428943e-01 0.000000e+00 9.222743e-01 
0.0498228 4.793800e-01 3.955730e-01 0.000000e+00 8.749530e-01 
0.0550647 4.793800e-01 3.491324e-01 0.000000e+00 8.285124e-01 
0.060858 4.793800e-01 3.041217e-01 0.000000e+00 7.835017e-01 
0.0672609 4.793800e-01 2.610947e-01 0.000000e+00 7.404747e-01 
0.0743374 4.793800e-01 2.205864e-01 0.000000e+00 6.999664e-01 
0.0821584 4.793800e-01 1.830863e-01 0.000000e+00 6.624663e-01 
0.0908023 4.793800e-01 1.490113e-01 0.000000e+00 6.283913e-01 
0.100356 4.793800e-01 1.186787e-01 0.000000e+00 5.980587e-01 
0.110914 4.793800e-01 9.228414e-02 0.000000e+00 5.716641e-01 
0.122583 4.793800e-01 6.988556e-02 0.000000e+00 5.492656e-01 
0.13548 4.793800e-01 5.139783e-02 0.000000e+00 5.307778e-01 
0.149734 4.793800e-01 3.659845e-02 0.000000e+00 5.159784e-01 
0.165488 4.793800e-01 2.514572e-02 0.000000e+00 5.045257e-01 
0.182898 4.793800e-01 1.660796e-02 0.000000e+00 4.959880e-01 
0.202141 4.793800e-01 1.050063e-02 0.000000e+00 4.898806e-01 
0.223408 4.793800e-01 6.326547e-03 0.000000e+00 4.857065e-01 
0.246913 4.793800e-01 3.613824e-03 0.000000e+00 4.829938e-01 
0.272891 4.793800e-01 1.946168e-03 0.000000e+00 4.813262e-01 
0.301602 4.793800e-01 9.820070e-04 0.000000e+00 4.803620e-01 
0.333333 4.793800e-01 4.610995e-04 0.000000e+00 4.798411e-01 
0.368403 4.793800e-01 1.999549e-04 0.000000e+00 4.795800e-01 
0.407163 4.793800e-01 7.941325e-05 0.000000e+00 4.794594e-01 
0.45 4.793800e-01 2.861940e-05 0.000000e+00 4.794086e-01 
0.497345 4.793800e-01 9.263938e-06 0.000000e+00 4.793893e-01 
0.54967 4.793800e-01 2.663129e-06 0.000000e+00 4.793827e-01 
0.607501 4.793800e-01 6.714717e-07 0.000000e+00 4.793807e-01 
0.671416 4.793800e-01 1.464568e-07 0.000000e+00 4.793801e-01 
0.742056 4.793800e-01 2.721535e-08 0.000000e+00 4.793800e-01 
0.820127 4.793800e-01 4.236635e-09 0.000000e+00 4.793800e-01 
0.906413 4.793800e-01 5.423010e-10 0.000000e+00 4.793800e-01 
1.00178 4.793800e-01 5.591526e-11 0.000000e+00 4.793800e-01 
1.10717 4.793800e-01 4.539508e-12 0.000000e+00 4.793800e-01 
1.22366 4.793800e-01 2.829786e-13 0.000000e+00 4.793800e-01 
1.3524 4.793800e-01 1.317327e-14 0.000000e+00 4.793800e-01 
1.49469 4.793800e-01 4.441072e-16 0.000000e+00 4.793800e-01 
1.65194 4.793800e-01 1.048073e-17 0.000000e+00 4.793800e-01 
1.82574 4.793800e-01 1.667664e-19 0.000000e+00 4.793800e-01 
2.01783 4.793800e-01 1.716440e-21 0.000000e+00 4.793800e-01 
2.23012 4.793800e-01 1.091557e-23 0.000000e+00 4.793800e-01 
2.46475 4.793800e-01 4.077197e-26 0.000000e+00 4.793800e-01 
2.72407 4.793800e-01 8.457866e-29 0.000000e+00 4.793800e-01 
3.01067 4.793800e-01 9.159490e-32 0.000000e+00 4.793800e-01 
3.32742 4.793800e-01 4.836081e-35 0.000000e+00 4.793800e-01 
3.6775 4.793800e-01 1.154259e-38 0.000000e+00 4.793800e-01 
4.06441 4.793800e-01 1.145574e-42 0.000000e+00 4.793800e-01 
4.49202 4.793800e-01 4.310806e-47 0.000000e+00 4.793800e-01 
4.96463 4.793800e-01 5.553880e-52 0.000000e+00 4.793800e-01 
5.48696 4.793800e-01 2.188579e-57 0.000000e+00 4.793800e-01 
6.06424 4.793800e-01 2.328780e-63 0.000000e+00 4.793800e-01 
6.70226 4.793800e-01 5.830053e-70 0.000000e+00 4.793800e-01 
7.4074 4.793800e-01 2.949024e-77 0.000000e+00 4.793800e-01 
8.18673 4.793800e-01 2.547263e-85 0.000000e+00 4.793800e-01 
9.04806 4.793800e-01 3.119598e-94 0.000000e+00 4.793800e-01 
10 4.793800e-01 4.410581e-104 0.000000e+00 4.793800e-01 
